2 7 6164 11044 11197 156 3148 49 11147
2 6 9343 11349 287 6400 11272 354
2 8 6242 3310 319 222 341 310 233 11342
2 3 11350 379 13009
2 6 369 11303 385 276 3329 3379
2 5 11301 11357 400 3254 11312
1 5 3581 3550 417 11554 11539
1 6 11399 9494 6522 466 3410 3581
3 3 6103 507 11471
1 3 3690 519 9517
1 5 9642 6698 11642 521 11516
2 3 6570 529 11494
2 6 11683 3755 737 568 3722 11649
2 4 3604 603 3776 773
2 3 6626 628 11584
2 4 9635 6677 674 9617
1 4 11640 678 6529 9503
1 5 6695 660 690 3676 11639
1 5 3690 6934 694 3679 663
2 6 6710 11656 691 695 9654 9653
1 6 3726 6748 700 6701 3682 6689
2 4 11625 6703 701 6720
1 3 654 772 3653
2 5 9817 6924 799 3861 11805
1 3 5050 829 5098
1 6 9785 3859 857 3859 9870 885
1 3 3973 863 11895
2 3 3823 873 3957
2 4 6990 3936 895 11818
1 3 6875 910 9907
1 4 963 923 11846 9904
2 5 6974 4402 954 7626 12305
1 4 819 955 851 3968
1 5 10024 4098 962 6959 6906
1 5 9727 7547 971 11890 4601
1 4 6950 960 975 9932
1 4 11895 976 1109 4109
1 6 10020 10092 7178 1020 11949 4102
1 4 10031 1068 4055 7011
1 5 1054 10085 1081 11977 7175
1 4 12011 7021 1148 7125
1 4 4193 1173 11965 4178
3 3 4321 1275 12114
1 7 10522 12302 7463 1277 12168 12184 10225
2 7 1821 307 12106 1292 1775 4209 9512
1 9 7645 1620 4596 1400 4363 1577 4554 7426 12210
2 5 4608 4390 1413 12277 7642
1 6 7592 4546 1472 4632 7610 1557
1 6 9715 1610 11674 1539 12309 1599
1 7 1472 4632 7610 1557 8230 2187 2166
2 6 1480 12381 1572 12353 10407 10380
2 3 13217 1580 12963
1 4 4604 4589 1598 7581
1 4 1624 4643 1639 12409
2 3 6085 1722 2853
2 7 10570 7876 7802 4808 1735 12681 10688
1 4 7840 7745 1747 3750
2 6 10648 1704 7778 1750 9553 1821
2 8 9601 7435 10700 1764 7875 10249 1299 4869
1 4 10666 1770 1678 10516
1 7 7799 4777 12520 1774 4849 4823 12737
2 5 12632 1814 4804 12617 12604
2 6 4665 1369 1685 1816 10580 12563
2 3 4744 1823 10540
1 8 4709 12656 7732 1838 4843 1781 7864 4858
2 3 4851 1874 7872
1 3 5049 1947 8020
2 3 2034 1953 10908
2 3 1891 1969 4972
2 3 5084 1974 13211
1 4 5050 2065 1982 10922
1 3 2072 1984 2040
2 4 2089 12726 2004 7977
2 3 1953 2034 7133
1 4 4932 8108 2048 5049
2 3 8032 2051 12746
2 3 1891 2056 12707
2 3 2038 2094 5039
1 5 4932 8118 2059 2103 13079
1 7 1557 8230 2187 2166 12957 1514 2139
1 4 8129 5151 2168 10956
1 3 10566 2171 12064
1 3 2173 2194 11007
2 3 12943 2195 8203
1 4 11261 2923 11328 12687
2 7 11105 6009 204 3161 3061 6186 9206
2 9 9169 193 6146 11024 6134 3073 9074 9119 11096
2 4 2081 3123 4897 4978
2 9 6181 178 11031 11117 3134 11183 142 9140 11142
2 6 3122 11065 9038 3025 3137 9167
3 3 4978 3181 7919
1 4 11293 3359 3242 3379
2 4 375 3367 3258 3340
1 3 253 3274 6363
2 9 11321 9391 9365 6394 3246 3276 6337 6294 6357
2 4 6314 3288 11265 6332
3 5 6314 9262 3319 3296 6322
2 5 6287 6393 3260 3325 11251
2 3 6513 3355 9509
2 3 6469 3444 11562
2 6 3553 583 494 3462 9429 11542
2 5 485 11420 3476 6504 11483
1 6 11679 11522 3484 6576 11511 3569
2 5 418 9449 3492 558 3580
1 7 505 11495 528 4328 3513 10271 7442
2 4 516 3516 9444 9418
2 3 587 3547 3488
2 3 6524 3561 6513
1 4 6613 11593 3594 9607
1 3 10703 3606 7869
1 5 11586 3614 11787 6643 6700
1 6 9584 9600 3641 9600 658 3660
2 4 6695 660 3663 9617
2 6 831 11791 689 3685 9825 6890
2 5 6573 6751 3731 716 9660
1 5 11650 3702 3733 734 11654
2 4 761 3736 11571 4875
1 6 6962 11709 3754 6773 3771 9734
2 7 3707 11686 754 3757 9576 9423 6455
2 4 4345 1341 3778 6630
2 3 873 3823 11841
1 4 3973 3844 10163 11818
1 6 3915 3899 3898 6865 9797 9764
1 5 3968 10027 3901 12066 9990
1 5 885 11852 3902 6903 9857
2 3 6732 3906 11830
1 5 6998 3984 3956 9599 11586
1 4 911 956 3959 9909
1 7 3960 2082 5085 3875 3972 2055 12624
1 6 12090 1014 4019 7034 1650 10344
2 6 1054 12060 4056 7121 11912 12011
1 4 7169 4067 1063 9865
1 4 1182 4100 7016 4118
1 7 10020 11925 12006 11949 4102 11949 1020
1 3 4550 4111 11919
1 5 4100 7016 4118 1024 7169
2 7 940 9755 7143 4124 10056 11810 11746
1 4 1160 4163 9994 11969
1 4 7096 4178 11965 1173
2 3 4072 4187 7150
1 4 1173 4193 7211 7096
2 7 4401 1396 12288 4223 12288 7376 7319
1 4 7293 4273 7654 12472
2 5 4342 4287 10247 1284 7433
3 4 1377 4299 9973 10751
1 9 12730 1116 1996 4318 1197 4087 4588 10486 12335
1 7 12898 10863 4425 1082 12464 10486 12335
2 6 7593 7537 10361 4459 1541 10751
1 5 4901 4473 12434 1536 7661
1 7 12008 1114 4501 1383 8023 7965 12898
2 9 9814 11859 11876 9911 4518 6876 6694 6699 9713
1 5 4075 10103 4529 12433 4613
1 3 4111 4550 10087
3 6 2005 1569 4571 4544 12452 1444
1 7 1614 1479 12471 4581 4300 4374 4303
1 4 12624 4586 10340 12024
1 5 12501 10281 12803 4594 12735
1 3 10370 4597 12489
1 4 1594 4598 10484 7660
1 3 1633 4611 12878
2 7 4630 1540 1511 12323 4645 10971 5125
2 3 7887 4718 10609
2 7 12655 12555 12615 12643 4733 4859 13064
2 3 12391 4735 13217
2 3 13063 4744 1823
2 7 10570 7841 4750 10664 4815 7838 4797
1 9 13059 12611 4795 1666 4762 10565 12556 10559 7725
2 6 12932 4776 2155 2146 5161 10455
2 4 12932 4791 7811 7798
1 8 7845 9616 7721 4826 7865 10690 10155 7442
1 5 12024 10532 4830 3613 7840
2 3 4942 4892 5026
1 3 4965 4904 12867
2 5 8057 1945 4977 4908 10765
1 3 10855 4942 4892
1 3 2040 4954 12856
2 3 2012 4957 8008
2 3 5028 4997 7963
2 3 8096 5013 8065
1 4 4932 10791 5024 12727
1 3 4892 5026 10747
2 3 2094 5039 8008
1 4 11012 5054 3109 2192
2 4 1960 5060 1473 4978
1 5 2042 6987 5061 2060 12835
1 4 7944 5097 13239 5010
2 8 4645 10971 5125 8152 2201 8209 8247 5207
1 3 2182 5166 12953
1 4 10513 5167 10947 11008
2 4 10939 5168 2227 10989
2 4 1652 2157 5175 1526
1 7 4409 12955 8221 2184 5176 7424 2170
2 3 2151 5177 8245
2 4 4171 10932 5180 10988
1 5 10985 5184 10375 10418 12409
1 3 6020 5196 2206
1 5 2218 8233 5223 12903 10419
1 6 6728 7782 10585 5239 2947 7901
2 3 13062 5264 13063
1 7 100 9036 11029 9204 6080 9204 6115
2 8 160 11168 3154 6097 9199 11177 9110 11086
2 9 6165 3104 6024 6161 9220 6132 3113 182 9088
2 9 6132 9220 6161 6024 3104 6165 6125 9147 11125
1 3 11279 6237 9315
3 6 265 6342 3525 6322 3296 3319
2 8 6327 3352 6374 6312 6357 6294 6337 3276
1 4 3274 6363 9364 3205
2 5 399 13263 3277 6364 3206
2 6 6242 11259 6326 6371 9323 11241
2 5 571 3571 9555 6418 11542
1 3 9416 6421 13116
2 3 3355 6513 3561
1 7 6440 9414 11401 11517 6534 3545 9570
2 5 3552 3758 6536 9510 11465
2 4 9443 11533 6549 3397
2 3 529 6570 6469
2 4 3577 11534 6584 9548
2 3 11417 6594 589
2 6 6420 9571 3767 6596 11405 11437
3 3 516 6598 6560
2 8 3578 11523 9432 6601 9577 452 11458 11321
1 5 3976 9752 6606 782 9924
2 5 3650 6668 6666 11590 9620
1 5 11604 9638 6683 3666 9642
1 5 3672 6689 3682 6701 700
1 5 690 660 6695 660 3663
1 6 3748 9707 731 6718 685 11614
1 4 704 6723 732 3703
2 7 6783 765 3752 3734 11729 6741 9680
2 6 9737 6762 6759 9717 6775 11702
2 5 4875 1769 6767 7896 12588
1 5 6630 3605 6778 9754 10381
2 4 620 3598 6792 9734
1 8 3938 858 9881 6800 6832 6896 3871 875
1 8 11768 844 11885 6996 6818 845 874 6867
1 7 947 11867 6912 11778 9799 11848 4112
2 4 6952 6923 893 11774
2 4 7045 11783 6943 788
1 3 3976 6973 6946
1 5 3596 6619 6983 9588 9595
1 3 6642 6997 12320
1 4 3956 3984 6998 9602
2 3 11943 7069 10070
1 5 9998 7157 7087 12097 10125
1 4 10001 7090 1579 12420
1 6 1092 1191 7145 1167 10055 9985
3 3 10073 7164 4076
1 5 1048 7183 7098 6954 11798
1 5 1092 11946 7212 12031 9985
1 3 1244 7225 7408
1 5 1408 4428 10157 7315 7442
1 4 12215 7342 1291 12144
2 5 4287 10247 1284 7433 12149
1 6 12441 10403 7454 11753 3714 9932
1 5 10615 7464 1646 4444 12489
1 6 1444 12035 12307 7497 1510 10401
2 5 7118 3994 7527 4491 7138
1 7 4303 10131 12233 7541 10395 10435 12324
2 5 2219 8186 5225 7567 12910
1 4 1598 7581 5110 11007
1 4 1521 10351 7602 8093
1 7 4626 1607 7603 4175 1990 4496 7531
1 3 7770 7605 12940
1 4 1633 4624 7617 7630
2 5 1624 7621 4573 12379 12364
2 7 10570 12523 1837 4842 7707 4831 12687
2 7 10578 12557 12690 7743 7697 1776 4809
2 8 4797 1762 4837 10528 7835 10658 7751 12641
1 7 7784 10680 12529 7866 12601 12526 1703
1 3 3606 7869 10707
2 7 10648 1771 7895 4746 4774 3169 1664
1 4 5239 2947 7901 13075
3 3 5084 7919 3181
1 3 2072 7944 5097
2 4 2004 7977 12855 10793
2 3 7133 7996 10908
1 3 2031 8017 12823
1 3 5049 8020 1947
2 4 1932 2025 8021 1992
1 5 5010 8036 10775 13248 4995
2 3 8096 8039 12785
1 3 5077 8058 8015
1 5 8004 8060 10786 8073 1920
2 3 9084 8106 10173
1 4 5046 8111 7979 5012
2 3 4927 8116 12851
2 4 4617 8143 10998 10939
1 4 2196 8183 5224 2206
1 3 5128 8188 5185
1 3 2156 8199 5190
1 4 12391 8202 8138 12958
1 3 12869 8213 12825
1 3 650 8222 12984
1 5 2178 2164 8227 8242 4617
2 3 8187 8238 11007
1 4 11007 5178 8239 2109
2 9 4658 4453 8234 10977 12934 8249 2114 5134 10455
2 4 10772 10066 9084 8106
2 6 6050 9149 3182 11091 3045 11147
2 4 3137 9167 6144 11105
2 8 6077 3135 9200 3135 9043 9222 3164 11086
2 4 3522 9238 6218 6263
2 9 121 3220 3116 6135 9267 357 280 378 6316
1 3 6318 9315 6237
2 4 321 11305 9320 9347
2 5 6282 6334 9334 9361 11372
2 4 6318 9379 9269 11317
2 6 6259 9290 6375 9398 266 3384
1 5 6464 13205 9412 11554 11539
2 4 3516 9444 9418 6583
3 5 265 9374 9438 9357 6296
1 4 3535 9441 11404 9416
2 6 720 7611 12368 9450 12357 9657
2 4 13011 9472 3447 11606
3 5 265 6342 9483 9731 6314
1 4 3369 9484 3463 540
2 4 3495 527 9495 11465
1 4 6524 9497 11404 9416
1 5 493 9508 11428 11532 6416
2 7 1292 1775 4209 9512 12521 7874 12619
2 3 493 9546 11558
2 4 3522 6487 9560 11545
1 5 3553 6562 6590 9567 6464
1 3 6793 9582 3604
1 4 3641 9600 9584 3780
1 6 3596 6614 9586 3985 3974 3924
1 5 6667 9619 3665 6679 11639
2 5 3686 6704 9677 9680 6741
1 6 6697 3696 3709 9687 746 3548
1 9 505 3644 610 9730 6757 6681 677 11658 9713
2 4 761 9740 12701 10718
2 6 3775 6607 779 9743 11725 9711
2 6 3878 6911 9774 11660 6717 11650
3 4 9769 649 9783 9919
2 6 11650 11680 9836 3880 880 11800
1 6 6950 3950 6965 9860 7620 9823
1 4 6994 9865 1063 4067
1 5 6950 6919 9868 3979 9932
1 3 9823 9893 12473
2 6 7458 7306 9910 1831 4807 1866
1 8 875 6744 7198 10009 9979 7153 10094 1048
1 4 3901 12066 9990 4159
1 4 1182 9998 7157 7087
1 5 998 10032 7217 7187 10125
3 3 7164 10073 10005
1 8 4112 7130 10038 9941 10122 12096 1119 1005
2 4 8106 10173 4979 10887
1 3 4344 10190 7391
1 7 1345 1373 12212 10225 12184 12168 1277
2 9 4303 1314 12294 10253 7370 7438 4322 12298 12270
2 5 1349 10270 4353 5063 10311
1 4 12341 10337 1500 12313
2 4 7500 10390 12351 12364
1 8 1614 12465 1649 10414 10357 7560 2000 5029
1 4 4613 10456 8045 7531
1 4 10263 1589 10464 7598
1 4 4608 10491 10135 7642
2 5 12453 10502 12496 1654 10347
1 3 5167 10513 10360
2 3 8054 10538 13217
2 3 1823 10540 12592
1 3 2171 10566 8245
2 3 2853 10589 10641
1 3 191 10594 10930
1 4 10552 10624 4857 7760
1 7 7798 1759 10637 10622 4763 12560 7859
2 5 10631 10628 10688 12681 1735
2 9 12619 10568 1709 10696 4700 1835 1765 1824 4827
2 5 3606 10703 7696 10527 13075
2 6 7760 4610 10711 4794 4749 7840
1 4 5010 10734 13246 8019
3 3 10784 10743 1914
1 3 5074 10752 10840
2 3 10908 10764 12719
2 6 3960 10778 9829 5001 7485 12458
1 4 10106 10811 3916 6826
1 3 5028 10820 4889
1 5 4983 1963 10828 10873 10890
1 3 4887 10832 10730
1 4 2206 10860 5160 12929
1 5 12844 12718 10866 1971 10735
1 5 10772 10843 10898 1971 10735
2 3 2012 10915 10812
3 4 12991 10928 8164 12941
1 4 2160 10938 8240 10996
2 4 5168 10939 10998 8143
1 5 2168 10956 2214 12999 12853
1 3 10845 10988 5180
1 6 2178 2164 7561 10989 2227 5168
1 5 5230 8225 10996 8240 10938
2 6 10419 11002 8196 10999 2153 12996
2 3 2152 11023 12951
2 9 3338 3075 11089 3064 11061 6193 9124 11110 3177
2 8 6164 9054 11114 6028 69 11070 6310 383
2 6 6115 11184 11151 171 6310 383
3 8 3151 6174 11080 11186 3120 9120 9408 11202
2 8 211 299 329 11215 11327 11160 9410 9251
2 3 296 11253 11374
1 3 13064 11261 2923
2 3 247 11264 9281
2 5 7394 11267 9310 303 369
2 5 6259 6567 11385 11274 11301
1 4 6237 11279 9268 11221
2 5 9221 6178 308 11291 9317
2 9 6327 11277 11394 11262 11309 6291 3221 3389 396
1 5 6384 6335 6399 11332 11218
2 5 310 233 11342 9295 3320
2 4 6389 317 11366 11251
2 8 6262 6315 9313 9330 11379 350 11217 6316
2 9 9251 9329 9406 13265 6397 9393 11380 11082 11188
2 3 6496 11456 6241
2 6 418 3531 11461 486 3466 6474
3 4 9490 3506 11491 11506
2 7 6338 372 9514 11496 355 11281 9271
2 7 3549 9578 553 11521 11535 3579 6449
2 4 563 11531 9575 11435
2 4 485 11563 6569 3549
1 5 6780 3782 11570 776 3780
1 3 11577 11580 11586
2 9 4869 7366 9467 3640 11602 6662 11585 3608 6630
2 4 3576 11606 3447 9472
1 5 6669 6671 1530 11609 11614
2 5 6685 11610 9643 9608 6647
1 3 678 11640 663
1 5 6697 11644 11659 11644 11646
1 4 6747 11672 3728 11689
1 4 9548 11689 3728 11672
2 4 6780 11730 11723 3772
2 3 3650 11794 6613
1 4 928 11898 11796 981
1 6 3816 9813 11821 915 9882 3915
1 5 7169 1165 9807 11847 6994
1 3 863 11895 976
1 4 3943 11901 591 13252
1 3 3893 11905 11774
1 8 1444 1059 1538 1101 10060 11924 11978 10001
2 4 2086 11955 10794 5086
1 4 1176 11956 4065 10109
2 4 10005 11964 7091 4076
1 4 4088 11970 1015 4115
1 5 4088 4161 11979 1155 12049
1 3 10887 12005 10772
1 6 4075 12048 1073 12008 1114 4501
3 3 7465 12114 1275
1 8 4320 12209 7308 12138 7440 10194 7368 10382
3 5 10311 5063 12142 7411 10799
1 4 7342 12215 1376 10297
1 7 1345 4364 12268 10322 1274 1313 4320
1 3 10313 12299 12113
1 4 12494 12321 10981 12349
1 7 11929 9993 10416 1497 12366 12395 10514
1 5 10106 1600 12372 3795 12839
1 4 12406 12435 10682 10455
2 6 3732 7462 12459 1338 1619 4342
1 5 4608 10479 12472 7654 4273
1 4 10509 12488 8360 10522
1 9 7725 10559 4832 7785 4821 12565 4821 1748 12694
2 4 9727 12568 12709 6974
2 4 10540 12592 4455 13062
2 7 7887 1713 7783 12604 12617 4804 1814
2 4 736 3481 12663 12603
1 7 4801 12686 4729 12669 7806 12541 4858
2 5 1836 1752 12685 12145 12688
2 4 12753 8236 12712 10730
2 3 10764 12719 3165
1 5 10784 2088 12723 13237 2072
1 3 2051 12746 12873
1 7 7980 13249 12714 12757 12812 2020 12991
1 3 7133 12783 7088
2 3 4927 12794 7983
1 3 8213 12825 12869
2 3 4989 12834 12747
1 5 2097 12046 12839 3795 12372
1 5 10866 12718 12844 7998 2054
1 4 4904 12867 1900 12753
1 3 8213 12869 12825
2 5 8203 5165 12916 12902 12973
1 5 2170 2222 12905 1208 12129
1 6 1968 1516 1929 12907 7161 10766
1 5 12853 12999 12913 12947 10984
1 5 5230 8225 5188 12917 8191
2 3 2106 12922 2152
2 3 12910 12924 12932
1 4 2160 5179 12930 2174
2 3 7842 12935 2120
1 7 12479 8210 7476 12938 7476 12923 2218
1 3 8214 12940 7605
1 3 10985 12942 10975
2 3 11023 12951 10959
1 3 2225 12953 5166
1 3 5121 12984 8222
2 4 12592 4455 13062 5264
1 5 2103 13079 12894 12768 5081
1 8 10707 4848 13091 10679 12661 10694 13090 1135
1 3 11417 13116 6421
2 3 1993 13211 1974
2 6 117 71 6154 11191 110 187
2 7 117 11109 9234 320 248 11234 354
2 5 121 3220 3190 97 6077
1 5 122 6145 9170 6184 100
2 6 160 6073 11165 9107 172 3140
2 5 160 3057 3160 11036 11071
2 8 160 81 6189 3124 6143 9188 11166 121
2 3 191 4515 1968
2 5 211 299 6148 242 9251
2 2 253 6301
2 2 296 11221
2 4 306 3247 3313 354
2 6 306 3210 11336 6305 3390 3335
2 6 306 3297 6243 352 3345 11235
2 5 306 223 9351 289 9247
2 4 321 11276 11219 375
2 2 321 9388
2 2 334 11260
2 3 334 3324 3295
2 3 334 3324 3380
2 3 334 279 3381
2 3 351 11270 11317
2 3 362 9263 334
2 2 362 3380
2 2 377 253
2 2 383 3386
2 6 383 3307 6412 9362 6345 9279
2 2 391 9498
2 3 391 3314 6336
2 8 396 367 3332 3304 6492 9460 3426 3578
2 4 399 13263 332 11251
2 7 413 9448 6553 3504 437 3431 6566
2 6 413 9448 9339 11323 11351 396
2 6 458 488 9491 9519 559 9413
2 4 458 409 3403 9573
2 2 495 9443
2 4 512 3493 6688 3655
2 3 514 11481 3535
2 4 514 6559 11432 6440
3 2 516 6560
3 3 516 13068 11519
3 3 516 13068 9574
2 6 523 11513 9424 473 9552 413
2 4 525 3543 441 11477
2 3 525 504 6497
1 4 571 3571 11497 7857
3 3 572 474 3496
2 2 587 6469
1 2 596 11581
1 2 599 13252
2 3 620 3626 651
2 3 620 9751 9734
1 3 646 9606 11592
1 3 654 3658 6669
1 3 654 11599 11617
2 2 657 9614
2 2 657 9635
1 2 663 11604
1 4 663 11623 661 3660
2 2 686 6720
2 2 686 11627
2 2 686 9661
2 2 692 3705
1 4 704 11651 9665 3703
1 3 704 6690 9661
2 4 720 12697 10457 12305
2 4 720 1655 4437 9653
2 3 720 12497 1527
2 3 720 4508 12437
2 3 743 3931 9857
2 3 743 6756 740
3 2 755 11702
2 4 755 752 3751 6962
2 4 758 6955 9689 6734
1 3 773 6790 3773
1 3 778 9745 6780
2 2 831 4601
1 3 832 11807 12083
1 4 875 3871 950 12083
2 4 885 903 6936 11825
2 4 885 11854 13220 740
1 3 908 718 3715
2 4 908 718 9675 4445
3 2 922 9833
2 4 940 11792 6925 11747
2 4 940 3788 1122 1005
3 3 949 965 9771
1 3 949 3971 3952
2 4 949 3908 6982 6952
3 3 957 11879 3944
2 9 957 6989 11750 6684 664 6686 11643 10466 12189
1 4 963 3923 11803 6939
1 4 963 3923 9826 819
2 3 980 9869 6986
2 2 980 6933
2 3 981 11898 928
1 4 981 856 11831 3951
1 2 1025 10020
2 3 1054 12085 11948
3 2 1065 7107
3 3 1065 1201 4206
1 3 1092 10052 11985
1 4 1145 11939 7166 4046
2 3 1145 9964 1013
1 2 1147 4064
1 2 1164 9940
1 3 1176 4095 12083
1 2 1176 10063
2 3 1181 3854 7088
2 2 1181 9962
2 3 1185 11936 10016
1 3 1244 10134 4251
2 6 1278 1258 4265 10185 1334 12157
2 4 1278 1305 4354 12270
3 3 1317 4365 4321
3 3 1317 10259 10799
2 2 1330 12127
2 3 1352 7892 12024
2 3 1352 7834 10717
2 4 1352 4757 10333 10516
1 3 1377 8114 7374
1 3 1409 4327 7402
3 2 1444 7593
2 4 1444 4204 10077 1609
3 4 1444 7220 4062 4245
1 2 1450 11645
1 3 1488 7492 7531
2 3 1492 10386 12335
1 3 1492 7562 12363
1 4 1492 12404 12449 4626
1 3 1521 12333 10510
2 3 1527 10457 12305
2 4 1559 10449 4650 1615
2 4 1559 10355 7543 12458
1 2 1568 1624
1 3 1568 12394 12409
2 4 1588 1847 7873 4809
1 6 1591 10547 10619 12529 10680 7784
1 5 1591 4224 12583 7706 12640
1 3 1591 1840 1703
2 3 1592 10453 7645
2 2 1595 12437
2 3 1595 9796 9810
1 3 1599 12380 12441
1 4 1599 12309 4605 11645
2 2 1609 4616
2 2 1614 12324
2 2 1615 4464
2 2 1615 7480
2 5 1615 12429 8110 1587 12735
1 4 1634 10882 1938 10106
2 2 1652 4630
2 4 1657 6740 10176 13196
2 2 1657 7807
1 3 1664 1684 4669
1 3 1703 4770 4709
1 4 1703 4682 8086 8042
2 4 1772 1807 4847 4731
2 4 1772 7871 10577 4844
2 8 1794 10546 1797 10202 12616 4670 1309 12619
2 3 1794 1779 10531
1 9 1794 7680 7890 1864 12564 1818 10610 12662 7784
2 3 1794 4734 7274
3 5 1802 12654 7763 10675 4809
3 3 1802 4246 12261
2 3 1804 12166 12534
2 2 1804 3010
2 3 1804 515 7787
2 3 1804 515 10684
2 3 1804 3498 736
2 4 1804 6726 11440 10552
1 6 1806 1618 5103 8025 2082 3960
1 4 1806 2043 1534 10370
1 3 1806 7904 10798
2 5 1821 10133 12287 1233 12157
2 4 1836 4772 4880 12667
2 5 1836 4772 10685 10719 1867
2 2 1836 3750
2 4 1849 9678 703 4738
2 3 1866 9880 1867
1 4 1866 4807 4664 10341
2 5 1866 1719 3699 7776 1849
1 3 1896 12793 4901
2 2 1909 2038
1 3 1914 4918 2040
3 3 1914 12887 12800
3 4 1914 12887 10851 12744
2 2 1932 1891
1 2 1939 6020
2 2 1951 10919
2 2 1960 5084
2 2 1968 7548
2 2 1968 12677
2 2 1968 8054
2 2 1975 12707
2 2 1992 7978
1 2 1993 11194
1 2 1993 7963
2 2 2001 12874
2 3 2001 13212 12843
3 3 2005 10332 4410
3 2 2005 10751
1 3 2026 8074 4983
1 4 2029 4976 4924 10840
1 2 2050 12731
1 2 2050 12900
1 3 2072 13236 5041
3 3 2081 4897 4978
2 2 2081 7963
3 3 2086 4915 5086
3 2 2086 12868
1 2 2089 8085
1 2 2089 5005
2 2 2097 10793
2 2 2100 2012
2 3 2100 12802 1909
2 2 2105 4950
2 2 2106 10986
2 2 2120 5155
2 2 2123 5164
2 2 2123 2202
1 2 2152 2173
2 2 2160 8203
2 2 2160 12973
1 2 2173 12964
1 2 2174 5229
2 2 2180 12908
1 3 2182 8225 5230
3 2 2196 8182
2 2 2202 10972
2 3 2218 12923 12977
1 2 2219 8220
2 3 2228 2132 5107
2 3 2228 5153 10984
2 2 2853 13059
3 4 3140 57 70 9197
2 5 3140 9060 11048 9111 187
3 4 3151 149 11068 9197
3 4 3151 6174 6197 117
2 3 3152 11426 11127
2 2 3165 5084
2 7 3177 11110 9124 6100 3079 84 11086
2 6 3177 9232 6133 3146 9214 9370
2 8 3177 9232 11025 9155 3041 11133 11193 11124
1 3 3203 6319 9288
1 4 3203 3293 3350 6292
1 4 3203 11453 9466 11477
2 3 3205 3301 6301
2 3 3206 13262 399
2 2 3207 9496
2 2 3234 247
2 2 3234 3326
2 4 3263 3377 6396 6262
2 3 3263 11300 11235
2 3 3295 3230 6259
2 3 3320 9274 3393
2 2 3320 6413
3 3 3320 327 6296
2 3 3326 309 247
2 4 3335 6411 9384 9355
1 3 3336 2972 13064
2 4 3338 312 3168 3080
2 2 3340 9388
2 3 3380 6402 6332
2 2 3380 3295
2 3 3381 11515 493
2 2 3386 9251
2 4 3392 3256 6306 6280
2 4 3393 318 3281 3392
2 3 3393 318 6359
2 3 3397 3524 9443
3 5 3430 462 6509 6557 572
1 3 3456 4003 1147
2 4 3473 444 3532 6558
2 5 3473 6236 9387 9252 11260
2 2 3488 11435
2 3 3495 3509 11463
2 5 3496 11503 6520 9493 11477
2 5 3529 9504 533 9516 6566
2 4 3529 11474 520 3503
2 5 3542 6508 9477 463 9413
2 5 3542 238 343 3364 3335
2 4 3544 11492 548 493
2 4 3544 524 402 9544
2 2 3544 6259
1 3 3544 467 6416
3 3 3549 9523 11506
2 3 3549 3534 11463
2 6 3549 9578 6599 11535 3579 6449
1 3 3553 6562 3414
3 5 3562 11427 491 9454 572
3 2 3562 3430
2 2 3569 3553
2 2 3576 11483
2 2 3576 9536
3 3 3577 414 3430
2 7 3578 6539 3518 11423 6602 3555 3529
2 4 3580 9260 9328 9355
1 4 3581 6586 11691 3548
1 3 3585 3418 6440
3 2 3630 9771
2 4 3650 641 9590 6613
2 3 3652 817 3650
2 3 3655 6651 651
2 2 3659 3671
2 3 3659 655 6657
2 3 3659 9631 11600
1 3 3660 9633 673
2 3 3671 669 651
2 4 3681 9644 6518 512
2 4 3681 667 9609 9607
2 3 3701 6727 11670
2 3 3707 565 3577
2 4 3707 9683 6743 11670
2 4 3707 9683 6743 3701
1 2 3712 3732
1 2 3715 3712
1 10 3726 742 745 3746 11724 6794 9581 11400 6490 3478
2 6 3748 9707 731 11661 6702 3672
1 2 3773 3976
2 6 3775 6797 9580 11567 3605 6630
2 3 3775 3763 11695
2 2 3780 773
2 3 3816 11737 7213
2 5 3816 790 13223 6966 6812
2 2 3863 6882
2 4 3878 9847 6909 9832
1 3 3885 6926 925
3 2 3893 922
2 2 3924 3943
2 5 3930 6948 3986 896 3938
1 4 3930 809 879 875
3 8 3944 9897 6964 11893 9928 9913 7663 4572
1 4 3944 6944 898 6822
1 5 3951 6808 3907 11784 11747
1 6 3951 6808 3907 9811 11792 940
1 3 3952 6982 6952
2 2 3966 6939
1 4 3966 6831 9838 925
3 2 4045 5040
3 3 4045 2036 7080
1 5 4046 10078 12051 7081 1160
1 4 4046 10078 12051 11953
2 3 4052 7171 7070
1 3 4052 9790 11896
1 3 4054 4142 10125
2 2 4075 1185
1 5 4076 4145 1071 11910 10061
2 2 4080 1048
2 5 4080 9815 12070 9765 6933
2 4 4106 12080 11993 7150
2 5 4106 12080 7205 7177 4072
2 2 4106 2105
2 2 4107 7155
2 3 4109 3988 7096
2 2 4112 928
3 4 4132 7207 1144 4064
1 3 4171 10932 2206
1 2 4206 4088
2 5 4215 7281 7233 10140 12143
3 5 4245 4062 4104 12063 10088
2 3 4245 12050 1609
1 5 4251 10177 1353 4359 7404
1 2 4297 1279
1 5 4320 4361 1342 10279 7381
2 4 4321 1430 10152 12180
2 5 4321 4365 10296 12779 4414
1 3 4344 1412 7395
2 2 4345 9601
2 3 4345 7345 7289
1 4 4379 1302 7280 12297
1 3 4401 12232 10232
1 3 4409 12955 2170
2 3 4410 10801 12854
3 3 4410 8120 10401
3 4 4414 5032 10208 7395
3 4 4414 10897 12734 8011
1 2 4416 1381
1 2 4416 1409
1 3 4416 12247 7363
2 2 4426 4872
3 2 4426 4875
2 4 4426 1873 11667 12588
3 3 4426 9615 6728
2 4 4449 4540 7615 10615
1 5 4492 12385 4773 10146 1591
1 8 4525 10424 7048 4612 11752 1608 10372 4222
2 3 4543 1565 7887
1 3 4548 12396 10447
2 2 4569 4449
2 2 4569 12305
2 4 4569 1523 12361 10717
1 9 4572 1567 3932 6947 11850 11781 6963 11775 11896
1 9 4572 1567 3932 6947 11850 9841 861 3860 6822
1 3 4601 1445 6696
1 4 4613 7075 4339 12332
1 3 4626 1650 10344
1 2 4652 10522
1 4 4658 7649 12451 7592
2 5 4681 12174 7861 1790 7274
2 4 4681 10673 1780 12655
2 5 4724 7815 7886 12631 4665
2 4 4724 7744 4853 10570
2 3 4724 10639 12563
2 3 4738 709 751
3 4 4797 10543 1791 1834
3 5 4801 4732 1798 10623 1834
3 5 4801 4862 7885 7823 10578
2 4 4809 7848 10678 4731
2 5 4827 4767 1674 1790 7274
2 6 4844 3664 4290 12263 675 12261
2 2 4851 2151
2 2 4851 12963
1 4 4858 12614 12675 7799
1 4 4860 12585 1851 7760
2 4 4869 12582 5205 751
2 5 4875 1769 7899 4775 10718
2 2 4879 7770
2 3 4879 10957 8136
1 2 4887 8032
1 2 4889 11194
2 2 4927 12838
1 3 4943 9816 8040
1 2 4946 8057
3 3 4950 10030 12781
1 2 4952 12900
1 2 4965 2077
2 2 4972 5028
2 2 4989 7972
1 2 4993 5049
1 2 5010 12856
1 3 5012 10875 7992
1 2 5029 1521
1 3 5029 1888 10890
1 2 5034 12710
1 3 5037 2090 8004
3 3 5040 7938 2005
3 2 5040 5096
3 2 5040 4410
1 2 5041 4985
1 3 5041 13240 7980
1 4 5043 8066 7049 10735
1 4 5050 2065 12756 2026
1 4 5081 12768 4976 2029
1 2 5081 4932
3 3 5086 12137 4045
3 3 5086 4915 2054
3 2 5086 1377
1 3 5098 12773 8040
1 2 5098 4943
2 2 5107 2178
2 3 5115 8140 2218
2 3 5117 12925 8219
2 2 5117 8193
2 2 5119 4872
1 2 5121 12954
1 2 5128 5222
1 2 5131 10952
2 2 5143 8255
2 2 5143 2208
2 2 5155 2216
2 2 5155 12971
2 2 5163 10975
2 3 5163 13000 8169
2 2 5164 2180
2 2 5199 12677
2 2 5199 7872
2 2 5199 2216
1 2 5199 12950
2 6 5207 12326 1454 1478 4487 2139
1 2 5210 10976
1 3 5220 12933 2228
1 2 5221 12950
1 2 5229 10944
1 2 5229 2224
1 3 5230 13195 10952
1 2 5231 10697
2 2 5231 12648
2 2 5231 2213
2 4 6050 161 11082 11188
2 6 6077 3091 9159 9033 135 12
1 6 6079 6107 11130 11115 3193 11125
1 9 6079 3040 128 9128 11104 9064 6092 9116 11142
2 6 6164 3063 3375 3286 6406 3386
2 5 6176 3049 9196 6072 100
2 7 6181 3121 9162 9198 3067 9119 11096
2 2 6241 6286
2 3 6241 9363 11346
2 5 6245 6022 3176 3101 187
2 6 6245 9256 11236 9278 9356 6316
2 3 6245 3215 9343
2 3 6259 548 493
2 5 6262 3292 11242 9411 9355
2 2 6263 6377
2 3 6280 560 3496
2 2 6282 3207
2 3 6282 349 3340
2 2 6286 9309
2 3 6286 9403 9281
2 3 6296 3272 11312
2 2 6301 7239
2 8 6316 9311 3202 6362 9360 6299 11375 6327
2 10 6316 214 3339 3387 330 3257 3302 275 232 396
2 7 6327 9325 3224 6253 9373 11356 6338
2 6 6327 11375 9389 9291 11340 12
2 3 6332 395 3384
2 6 6338 260 404 3394 3294 11320
2 2 6349 3326
2 3 6359 3309 6280
2 3 6377 3395 3234
2 3 6380 11282 9302
2 4 6380 301 11362 6316
2 2 6384 6318
2 2 6384 3205
2 2 6389 11331
2 3 6389 6257 9347
2 2 6413 6359
1 4 6416 3458 3559 11399
2 2 6444 11494
2 2 6444 11560
3 2 6446 6560
3 2 6446 575
3 2 6446 11483
3 2 6455 3430
2 5 6455 476 9481 11490 6497
2 3 6464 13205 9427
2 2 6469 495
2 3 6469 6622 11346
2 3 6474 3421 6420
2 4 6474 6493 9430 9417
2 2 6488 6444
2 2 6488 589
2 2 6488 3397
2 2 6496 3262
2 3 6496 6500 11562
2 4 6497 9465 11438 458
2 3 6521 3499 11545
2 2 6521 375
2 3 6521 11444 3207
2 4 6524 538 6501 3535
2 3 6531 680 3652
2 3 6531 9658 9642
2 3 6531 3669 3681
2 2 6533 3671
2 3 6555 11529 11544
2 4 6558 388 11232 3381
3 2 6560 3576
2 4 6566 6544 509 3478
2 2 6568 6555
1 3 6568 3530 6542
2 2 6568 589
1 2 6573 3581
2 2 6583 11435
2 2 6583 9559
1 5 6613 9590 6639 11573 778
1 2 6626 599
2 4 6630 6625 4270 4345
1 5 6642 4660 4825 10454 4901
2 2 6647 11577
2 4 6657 9597 11565 9737
1 3 6667 11657 3630
1 2 6669 12441
2 3 6685 9624 11594
2 3 6685 3680 11625
2 2 6696 6974
1 3 6697 6682 646
2 2 6700 11646
2 3 6700 679 646
2 4 6705 3687 6707 11654
1 3 6722 4839 3750
2 4 6729 6706 3076 9635
1 2 6732 3712
1 4 6734 9686 11675 3892
2 3 6734 11673 9817
2 3 6747 9716 3577
2 2 6747 6729
3 2 6766 11702
1 2 6766 3915
2 4 6766 943 6917 3946
3 2 6779 12682
3 3 6780 770 3772
2 2 6788 3772
1 2 6788 3773
1 3 6793 782 9924
1 4 6812 6966 3873 6817
1 2 6826 10793
1 2 6826 4943
2 3 6843 883 6939
1 4 6843 9784 9856 3968
2 2 6845 3863
2 4 6855 11760 11776 831
2 3 6857 935 949
2 2 6857 6990
3 4 6867 13221 9770 9839
2 3 6867 3874 9800
1 4 6867 874 877 3892
1 3 6875 9750 3885
2 2 6882 3878
2 3 6890 4442 11800
2 3 6890 4442 6705
2 3 6906 9896 6817
2 3 6933 9765 3790
3 4 6952 6814 6967 9919
2 4 6962 760 11711 11877
2 5 6974 4402 10586 7615 10615
2 3 6974 12670 12501
2 3 6986 9869 6933
2 3 6990 9791 11774
3 2 7011 10005
2 3 7014 12076 4042
2 3 7045 7083 7138
2 3 7045 3925 11841
2 3 7045 12054 1132
2 3 7070 10065 7155
2 4 7070 12040 1003 4107
3 3 7080 10816 4106
2 3 7080 10816 2105
2 3 7088 3854 9962
2 3 7088 3854 4171
3 2 7107 4206
3 2 7125 7221
2 3 7125 12040 7070
2 2 7133 8223
1 2 7151 7107
1 4 7202 1547 10465 7118
1 5 7202 10047 11927 10051 1132
2 4 7213 871 3799 6906
1 4 7213 871 9896 6817
3 3 7221 7204 7175
1 2 7223 7642
2 2 7239 3369
2 3 7274 10652 4665
2 4 7289 10230 6719 3732
1 3 7289 7629 4445
1 4 7295 12125 4566 7559
2 3 7319 10177 4251
2 4 7319 4639 12475 7645
1 6 7319 4639 4330 7238 7347 10232
1 2 7329 1279
3 5 7363 10274 7447 1238 1321
1 3 7363 12275 7391
3 4 7363 8067 10808 8011
2 5 7375 11352 7346 6162 11124
2 7 7375 12216 361 3280 7320 10133 1821
2 6 7375 1754 12527 10216 10716 10648
2 7 7375 4372 12626 206 7403 6278 11320
1 3 7381 4406 10307
1 4 7381 12249 1386 7223
1 4 7391 7447 1238 1321
2 3 7408 10250 10221
1 3 7408 1427 12122
1 3 7427 4412 10297
1 3 7450 7664 4658
1 5 7450 1611 10458 10445 7564
2 4 7458 7539 10393 1527
2 5 7465 7428 4237 10255 10001
2 4 7480 10520 10352 10380
2 2 7500 10985
1 2 7520 7450
2 3 7535 4530 7592
2 2 7548 8054
1 4 7559 7312 1253 1488
1 3 7559 7572 10398
2 2 7564 7535
3 3 7565 7662 4616
3 2 7593 7565
2 3 7622 10498 7451
2 2 7638 4604
1 5 7661 1536 4614 4477 11645
1 5 7661 1536 4614 11704 9715
2 6 7669 4415 12339 4441 4487 2139
2 4 7683 1785 12503 1426
1 3 7716 4128 10025
2 3 7725 10559 12543
1 3 7760 1767 6722
1 5 7784 12662 10610 12590 12737
2 2 7787 3010
2 4 7807 4769 1356 12149
2 3 7807 10715 7683
2 2 7842 2151
1 5 7857 5283 543 11525 3569
1 3 7859 10682 10455
2 2 7872 13217
1 2 7912 12856
1 2 7912 8019
1 3 7917 1179 3456
2 2 7950 2001
3 2 7972 4948
2 2 7972 2100
2 2 7978 4889
1 6 7980 13249 12714 5068 10833 12759
2 2 7983 8096
1 2 7992 5034
1 2 7992 5077
1 2 7992 10814
1 3 8004 10892 5027
2 2 8008 5070
1 3 8011 12146 4344
3 2 8015 2100
2 3 8032 5066 10730
1 3 8040 8125 10922
1 3 8056 1937 12772
2 2 8065 5070
2 2 8071 12851
2 2 8071 7983
1 3 8093 12818 4983
1 2 8093 12748
2 4 8129 5174 2190 2218
2 2 8169 2208
2 3 8169 5213 2106
2 2 8182 8201
2 3 8187 10943 12453
2 3 8187 4575 4604
1 3 8191 10940 2182
2 2 8193 2192
2 2 8193 12975
1 2 8204 12632
2 2 8214 2213
2 2 8219 12981
2 9 8220 5183 5197 12948 2191 12976 12990 11011 1526
2 2 8223 12929
1 2 8223 11145
2 2 8245 8178
2 2 8248 8219
1 3 8248 5158 12958
2 2 8255 10975
3 4 9206 9100 3060 3151
2 9 9206 11162 3050 6150 3187 3030 9061 3068 9169
2 10 9206 11162 3050 6150 3187 3133 11046 6153 9231 11092
2 12 9206 11162 3050 6150 3187 3133 11046 11156 2998 11146 11054 11096
2 5 9221 592 415 3310 6242
2 5 9221 9485 3388 9501 9317
2 5 9247 289 6354 11220 11241
2 4 9247 9371 11355 9288
2 4 9250 3353 9322 296
2 6 9271 11256 3265 4324 7343 12270
2 5 9271 11377 11348 365 11321
2 3 9279 6345 6287
2 4 9288 546 9506 3542
2 3 9297 11345 3205
2 2 9297 7239
2 3 9302 3327 3263
3 4 9303 3396 303 369
2 2 9309 9281
3 2 9340 265
3 3 9340 9240 9317
2 4 9343 11315 2999 187
2 4 9343 11326 366 9302
2 3 9347 6325 6263
2 8 9355 11368 11214 384 356 3318 6341 413
2 6 9370 6383 11263 282 11387 6338
1 3 9392 9314 11218
2 5 9413 11504 6507 9433 11437
2 6 9413 559 6495 6478 6451 9573
2 4 9413 3455 11397 418
1 4 9416 11404 6470 3585
2 2 9417 11559
2 5 9417 11434 9461 9476 523
2 4 9417 11418 449 3478
3 3 9431 480 6560
2 2 9431 3262
2 3 9490 3533 6531
2 3 9490 11732 13011
2 4 9496 478 6441 11545
2 2 9496 3473
2 2 9498 3262
2 5 9503 549 3629 11502 9559
2 2 9503 6542
2 3 9503 549 563
3 2 9507 512
3 2 9507 6533
2 3 9509 11431 9443
2 3 9511 11467 6464
2 2 9511 11558
1 3 9511 9457 3414
2 2 9517 6555
3 2 9544 3392
2 3 9544 6484 11399
2 3 9548 577 3562
1 2 9559 5291
3 2 9561 11506
2 3 9561 11549 13011
2 3 9570 6512 9511
2 3 9570 6462 11558
2 4 9570 3510 3460 6558
2 4 9573 11561 6423 11437
3 2 9574 11519
2 2 9595 6647
2 3 9601 7291 12149
3 3 9602 9756 9771
2 6 9607 9609 667 9644 6518 512
1 3 9607 11576 590
2 3 9607 6644 3655
2 2 9611 11594
2 4 9612 9610 3796 3952
3 2 9612 9614
2 5 9617 6658 818 11588 3630
3 3 9617 6658 9612
1 2 9620 11604
2 3 9635 687 3701
1 3 9648 6690 704
1 3 9648 9646 596
2 2 9648 9661
2 2 9653 9810
2 3 9657 4166 4738
1 3 9657 926 10341
2 4 9660 11663 9676 6720
2 3 9660 684 11646
2 2 9660 11625
2 5 9666 708 6540 561 11544
2 2 9666 3690
2 3 9666 6693 692
2 4 9681 9515 3299 571
2 2 9681 3703
2 3 9681 9515 3705
2 3 9692 3716 11679
1 5 9699 6746 3920 4024 11825
1 7 9699 6746 3920 3918 918 13232 6867
1 6 9699 6746 3920 3918 920 3892
2 3 9711 722 11695
2 3 9711 9724 6710
1 3 9715 10454 4901
1 5 9727 12637 6971 10441 3975
2 2 9734 755
2 4 9737 6777 9710 743
2 7 9753 9735 11579 9455 6486 6516 3503
1 6 9753 9592 3622 11578 615 464
1 4 9753 757 6758 3726
2 2 9764 6812
2 2 9767 3938
2 4 9767 3858 9852 11742
1 3 9767 6993 9785
3 4 9769 6967 6814 6952
3 3 9769 649 9614
1 3 9785 9933 7213
2 3 9800 3794 9767
2 2 9810 831
1 4 9817 724 6941 3892
1 3 9823 6883 1634
3 3 9831 930 4572
2 5 9831 930 4633 4506 1588
2 2 9832 11830
2 4 9839 9877 3926 6986
2 3 9857 6901 3816
2 3 9898 760 6962
2 2 9898 11877
2 3 9898 6960 3946
1 3 9904 9794 3885
2 2 9907 6946
2 3 9909 11891 3772
1 3 9914 3884 11767
3 3 9919 9902 922
3 4 9919 9902 11842 3893
1 3 9924 967 925
2 2 9945 10113
2 2 9962 4171
3 2 9975 4064
2 3 9975 11952 7150
2 6 10001 10255 4237 7297 7340 4321
3 2 10005 12049
2 3 10013 1194 10070
1 2 10013 4097
2 2 10013 10113
2 3 10016 4397 12297
1 4 10024 1093 9903 832
2 2 10025 8219
2 2 10025 7548
2 3 10070 1194 10113
3 5 10088 10116 12462 11978 10001
2 2 10109 10024
1 6 10158 12230 1366 12286 10156 12144
1 3 10171 4557 12420
1 2 10171 7465
1 3 10171 7619 12781
1 2 10191 7293
2 4 10221 12173 10411 10398
2 3 10221 12195 10438
2 7 10239 4281 7326 7383 4337 1303 12143
2 5 10239 10308 1680 1662 12619
3 2 10278 12180
3 4 10278 1344 12734 8011
3 6 10278 7436 4420 10808 8067 7363
3 5 10278 7436 1268 12164 1381
1 3 10297 12255 12271
3 3 10311 7060 4072
1 3 10313 4424 7427
1 3 10313 4367 12271
1 3 10341 1560 11589
2 2 10347 7638
1 3 10360 12438 7636
2 3 10362 12336 10347
2 3 10370 1564 10717
2 3 10380 12325 12498
2 2 10381 4445
1 5 10382 10354 1460 4446 10522
2 3 10398 12345 7531
2 3 10398 1357 12360
2 5 10398 10411 4582 12388 10438
2 2 10400 2213
1 2 10432 10360
2 2 10438 12431
2 3 10438 12264 4251
2 3 10438 10425 12360
1 5 10444 7532 3962 9859 6994
2 3 10447 4436 7638
3 5 10455 1667 7755 12576 7798
3 5 10455 5161 2146 2130 12932
1 3 10509 1648 4652
2 4 10514 1581 10486 12335
1 2 10515 7500
1 3 10515 1449 5163
2 3 10516 1586 7458
2 5 10531 10713 7693 12590 12737
1 8 10531 10713 12509 7843 12695 10669 4777 7799
3 4 10578 10647 4873 4222
3 7 10578 12557 1743 10638 7894 1847 1588
1 2 10605 6728
2 4 10627 10646 4690 12563
3 5 10627 12610 4882 1791 1834
1 6 10627 1877 7773 10669 4777 7799
2 4 10631 1697 12523 10570
2 4 10641 4798 7746 12694
2 2 10684 7787
2 2 10684 10552
2 4 10718 777 602 4869
1 4 10735 7084 4110 1147
1 2 10760 5049
1 2 10762 5070
1 3 10765 13214 12827
1 2 10766 1181
3 3 10772 2002 12868
2 5 10798 9822 11743 2082 3960
3 3 10799 5032 4414
2 2 10812 12838
2 2 10827 12744
2 3 10827 8052 1960
1 2 10831 1992
1 3 10837 12818 8093
1 2 10837 10922
1 2 10840 1920
1 2 10845 8201
1 2 10845 10972
1 2 10859 11145
1 2 10859 8019
1 2 10886 12823
1 5 10890 7990 2062 1948 2101
1 3 10890 8009 12748
2 2 10895 8057
1 2 10905 10887
2 3 10908 10877 10859
2 2 10919 12874
2 2 10919 12731
2 2 10929 2216
2 2 10929 7842
1 2 10930 5221
2 3 10944 10965 5143
2 2 10946 4617
2 3 10946 8197 10419
1 2 10952 2174
2 2 10959 5115
2 4 10959 2181 10945 12977
2 3 10959 2181 10994
1 2 10966 12981
1 2 10966 12391
3 2 10976 6020
2 3 10980 8190 12996
2 4 10984 5218 8242 4617
2 3 10984 5204 8129
2 2 10986 2208
2 2 10986 12943
2 3 10994 1583 2109
2 3 10994 12937 7636
2 2 11008 2109
1 2 11008 8181
1 3 11008 12972 10360
2 6 11071 3031 11137 140 9248 3080
2 8 11092 155 11212 6159 11038 3092 9248 3080
2 4 11092 6094 9118 11159
2 4 11105 9129 9194 3083
2 6 11121 6212 9106 3125 193 9169
2 5 11121 158 11081 11164 11125
2 6 11121 195 66 3172 11065 3122
3 6 11127 11443 4640 9120 9408 11202
2 4 11127 11057 6099 9221
2 5 11142 6012 74 15 6181
2 6 11147 11040 9151 205 130 9088
3 7 11159 90 6057 11153 11059 70 9197
2 4 11188 9109 9209 6164
1 2 11194 11012
3 4 11202 6324 3310 6242
1 4 11218 9314 11299 351
3 2 11221 6103
2 4 11235 11284 6252 3335
2 3 11241 11353 354
2 4 11241 9241 11322 6292
2 3 11260 388 6558
3 3 11293 3359 369
3 3 11301 11247 3392
2 2 11312 3384
2 3 11317 11297 9250
2 3 11318 9335 6336
2 2 11318 9309
2 7 11320 6278 7403 7431 6285 291 1278
2 3 11331 11305 321
2 3 11346 6535 9509
2 2 11346 9281
2 4 11370 11216 9236 6413
2 3 11370 216 6292
2 3 11372 11316 334
3 2 11374 6103
2 3 11388 6535 11346
2 2 11388 9509
2 2 11388 247
2 3 11435 11470 11494
2 2 11463 6533
2 3 11465 503 3495
2 3 11465 11616 11600
3 2 11471 3369
3 2 11471 6489
2 5 11477 441 550 11490 6497
3 5 11479 9558 513 474 3496
2 4 11479 536 6580 11399
2 4 11479 491 11427 3562
3 3 11506 9523 9507
2 2 11516 5291
2 3 11519 6537 3488
2 2 11542 6440
1 4 11542 9421 6592 7857
2 2 11544 9416
2 2 11544 571
2 3 11544 9572 11417
2 4 11544 561 6540 3705
2 2 11545 3535
2 2 11559 6783
2 8 11559 585 426 6417 775 3779 11727 3748
2 2 11560 589
2 3 11560 3558 563
3 2 11562 9574
2 2 11577 619
2 2 11581 9611
2 2 11581 3596
1 4 11581 3592 3601 13252
2 2 11584 3604
2 4 11586 11583 6634 9602
1 4 11589 6737 10339 1527
1 2 11592 6667
2 2 11594 9595
2 2 11600 6657
1 3 11614 9647 3672
1 3 11614 9632 654
2 2 11625 6700
2 4 11625 6670 3623 619
2 3 11627 3670 9611
2 3 11627 3670 6685
2 3 11649 705 3686
2 6 11650 6717 1436 9721 9754 10381
1 2 11666 704
2 3 11666 6739 9692
2 2 11666 9661
2 5 11666 6739 3718 557 3569
2 4 11679 6561 9537 6573
1 4 11679 6561 3537 11539
2 3 11679 3716 6720
2 3 11683 574 9573
2 3 11695 749 11654
1 3 11707 3729 9699
2 2 11738 788
2 2 11738 11841
1 3 11742 888 832
2 5 11742 888 3891 3799 6906
2 3 11747 804 11839
1 4 11747 9844 6938 979
2 2 11768 6986
1 7 11771 987 3895 3839 6860 9918 11896
3 3 11771 846 9831
1 6 11771 987 3895 3839 3970 6981
3 6 11771 987 892 964 3783 1150
1 5 11798 11851 6902 13230 9839
1 3 11798 11749 4080
1 3 11798 931 3930
2 2 11800 6705
2 2 11805 11768
2 3 11805 970 980
2 3 11818 3526 6857
2 3 11825 9846 9800
2 2 11830 908
2 2 11833 6875
2 2 11833 6946
2 3 11834 11849 11877
2 2 11834 911
1 4 11839 11897 6978 6995
2 5 11839 11826 919 3903 6950
3 2 11919 1065
2 2 11929 4616
2 3 11929 11968 12010
2 4 11929 9993 7634 10514
3 4 11948 10110 4126 7175
1 2 11953 1160
2 4 11960 1067 4172 10125
1 3 11960 1136 9985
1 2 11985 1025
1 4 12010 9991 1142 12090
2 5 12011 9936 1100 7204 7175
2 4 12024 10340 11802 10798
1 3 12029 1088 10087
1 4 12049 4073 10126 9957
2 2 12064 10400
1 6 12110 10138 12280 10310 7227 4409
2 4 12127 1417 10283 10344
1 4 12127 4293 1253 1488
1 5 12127 4336 1403 12125 7295
1 5 12129 1304 1316 10282 4409
1 3 12144 1291 4297
2 4 12157 7401 10256 4215
2 3 12189 4805 12261
3 4 12208 4278 5032 4414
2 2 12208 7395
2 4 12210 1302 7280 12297
2 3 12210 1374 1592
1 2 12210 4379
2 5 12270 1378 1406 4261 4215
1 4 12271 1392 10227 7329
3 2 12289 4342
3 4 12289 1424 7304 7644
1 4 12313 1643 7599 1559
1 3 12320 12450 6642
2 3 12332 9988 10016
2 3 12332 7516 12360
2 3 12341 4884 2042
2 3 12341 10861 3960
1 3 12364 1555 1568
1 2 12364 10515
1 3 12376 10472 12441
1 3 12376 4583 12320
2 2 12391 8136
2 2 12406 7520
1 3 12406 4864 7859
1 3 12409 1596 12494
1 3 12416 11759 9823
2 2 12420 10401
2 3 12431 12417 1592
2 4 12437 11635 10727 6974
1 2 12453 10515
1 2 12473 12029
2 4 12473 7140 1088 10087
2 4 12479 2185 5172 10980
1 2 12479 10360
2 2 12489 12458
2 5 12489 4444 1646 7797 10615
2 5 12489 10477 4625 4540 4449
2 3 12498 12470 1480
2 4 12498 12470 7612 7118
2 3 12501 10824 10615
2 2 12504 12677
2 2 12504 5221
2 2 12504 5199
2 2 12504 191
2 2 12512 10245
2 3 12534 7348 6779
2 3 12543 7848 4809
2 4 12586 10676 12513 1352
2 2 12586 10666
1 4 12588 1734 7776 1849
2 3 12600 4666 1657
3 4 12603 1788 3721 12688
3 3 12603 3769 10552
2 6 12619 1418 1229 12285 12115 12143
2 8 12619 1309 4670 12616 4806 7687 7825 7274
1 3 12624 7762 10798
2 3 12641 4677 7725
3 5 12641 7786 12665 10708 10578
2 2 12648 12064
2 4 12655 12595 1850 4724
2 4 12667 10595 12646 10666
2 2 12667 1867
3 3 12682 7782 6728
3 2 12682 736
2 3 12687 1741 10631
2 4 12687 4812 9224 6085
2 2 12688 4872
2 4 12694 10608 1730 4731
2 2 12707 7950
2 2 12707 12762
1 3 12708 2032 12868
3 2 12710 4948
3 2 12710 8015
1 2 12715 4965
1 3 12727 12870 8004
1 2 12727 5081
2 2 12731 12817
2 4 12735 7422 860 12498
1 4 12737 10691 10674 4709
2 2 12747 12858
1 4 12748 5073 7573 1521
2 2 12751 10812
2 2 12751 4927
2 2 12751 5045
1 2 12753 10886
2 2 12762 12874
2 2 12762 12817
1 3 12766 13238 2072
3 2 12781 10311
2 2 12785 1951
2 2 12785 12843
2 3 12800 10877 10908
2 2 12800 12744
2 2 12817 1891
1 3 12829 1199 4106
1 3 12829 1103 4064
2 3 12830 11108 3165
2 2 12830 11012
1 2 12838 2044
2 2 12843 12874
2 2 12851 7950
1 2 12853 5220
2 3 12854 12799 4950
2 2 12854 10401
2 2 12858 1909
3 2 12868 2054
1 2 12891 12747
2 2 12900 1932
2 2 12908 10972
1 2 12921 8136
3 2 12941 10976
2 2 12943 10944
2 2 12944 8201
2 2 12944 2202
1 2 12950 12908
1 2 12950 5155
2 2 12963 8214
2 2 12964 8187
2 2 12964 2106
2 2 12971 2180
2 2 12975 2115
2 2 12977 7636
1 2 12978 8255
2 2 12981 7548
2 2 12989 12929
2 2 12989 7088
1 2 12997 2225
2 3 13011 3546 5291
2 3 13059 4812 12687
2 2 13059 6085
2 2 13075 12534
1 2 13087 12878
2 3 13217 12519 7770
1 2 13252 11564
