1 12 
1 100 
1 117 
1 121 
1 122 
1 160 
1 187 
1 191 
1 211 
1 247 
1 253 
1 265 
1 296 
1 306 
1 310 
1 321 
1 334 
1 351 
1 354 
1 369 
1 375 
1 383 
1 391 
1 396 
1 399 
1 413 
1 418 
1 458 
1 464 
1 485 
1 493 
1 495 
1 505 
1 512 
1 514 
1 516 
1 517 
1 523 
1 525 
1 529 
1 540 
1 563 
1 571 
1 572 
1 575 
1 587 
1 589 
1 590 
1 596 
1 599 
1 619 
1 620 
1 646 
1 650 
1 651 
1 654 
1 657 
1 663 
1 664 
1 673 
1 678 
1 686 
1 690 
1 692 
1 700 
1 704 
1 720 
1 736 
1 740 
1 743 
1 751 
1 758 
1 761 
1 773 
1 778 
1 788 
1 819 
1 831 
1 832 
1 863 
1 873 
1 875 
1 885 
1 908 
1 911 
1 922 
1 925 
1 928 
1 940 
1 947 
1 949 
1 957 
1 963 
1 976 
1 979 
1 980 
1 981 
1 998 
1 1005 
1 1013 
1 1020 
1 1025 
1 1048 
1 1054 
1 1065 
1 1069 
1 1083 
1 1092 
1 1132 
1 1135 
1 1145 
1 1147 
1 1150 
1 1164 
1 1173 
1 1176 
1 1181 
1 1182 
1 1185 
1 1244 
1 1275 
1 1277 
1 1278 
1 1279 
1 1292 
1 1317 
1 1321 
1 1330 
1 1345 
1 1349 
1 1352 
1 1377 
1 1381 
1 1384 
1 1408 
1 1409 
1 1426 
1 1444 
1 1450 
1 1459 
1 1472 
1 1480 
1 1488 
1 1492 
1 1521 
1 1526 
1 1527 
1 1531 
1 1557 
1 1558 
1 1559 
1 1568 
1 1588 
1 1591 
1 1592 
1 1594 
1 1595 
1 1598 
1 1599 
1 1603 
1 1609 
1 1614 
1 1615 
1 1624 
1 1632 
1 1633 
1 1634 
1 1652 
1 1657 
1 1664 
1 1703 
1 1735 
1 1772 
1 1794 
1 1802 
1 1804 
1 1806 
1 1814 
1 1821 
1 1823 
1 1834 
1 1836 
1 1849 
1 1866 
1 1867 
1 1891 
1 1896 
1 1909 
1 1914 
1 1920 
1 1939 
1 1947 
1 1951 
1 1953 
1 1960 
1 1974 
1 1975 
1 1992 
1 1993 
1 2001 
1 2004 
1 2005 
1 2012 
1 2026 
1 2029 
1 2031 
1 2034 
1 2038 
1 2040 
1 2042 
1 2044 
1 2050 
1 2051 
1 2054 
1 2072 
1 2077 
1 2086 
1 2089 
1 2097 
1 2100 
1 2101 
1 2105 
1 2106 
1 2109 
1 2115 
1 2120 
1 2123 
1 2139 
1 2151 
1 2152 
1 2156 
1 2160 
1 2166 
1 2168 
1 2170 
1 2171 
1 2174 
1 2178 
1 2180 
1 2182 
1 2192 
1 2196 
1 2208 
1 2216 
1 2218 
1 2219 
1 2228 
1 2853 
1 2923 
1 3010 
1 3080 
1 3083 
1 3122 
1 3137 
1 3140 
1 3151 
1 3152 
1 3177 
1 3203 
1 3205 
1 3207 
1 3262 
1 3263 
1 3276 
1 3319 
1 3320 
1 3335 
1 3336 
1 3338 
1 3379 
1 3381 
1 3384 
1 3386 
1 3392 
1 3393 
1 3414 
1 3430 
1 3473 
1 3478 
1 3495 
1 3496 
1 3503 
1 3516 
1 3522 
1 3529 
1 3535 
1 3542 
1 3544 
1 3548 
1 3549 
1 3552 
1 3561 
1 3562 
1 3569 
1 3577 
1 3578 
1 3580 
1 3581 
1 3585 
1 3596 
1 3604 
1 3606 
1 3630 
1 3650 
1 3652 
1 3653 
1 3655 
1 3663 
1 3672 
1 3686 
1 3690 
1 3701 
1 3703 
1 3705 
1 3712 
1 3715 
1 3717 
1 3726 
1 3732 
1 3748 
1 3750 
1 3772 
1 3773 
1 3775 
1 3790 
1 3816 
1 3823 
1 3863 
1 3878 
1 3892 
1 3901 
1 3915 
1 3924 
1 3930 
1 3938 
1 3944 
1 3946 
1 3951 
1 3952 
1 3956 
1 3957 
1 3960 
1 3966 
1 3975 
1 3976 
1 3992 
1 4042 
1 4045 
1 4052 
1 4054 
1 4064 
1 4067 
1 4072 
1 4075 
1 4076 
1 4080 
1 4097 
1 4102 
1 4106 
1 4107 
1 4109 
1 4111 
1 4112 
1 4115 
1 4118 
1 4132 
1 4159 
1 4171 
1 4215 
1 4222 
1 4245 
1 4251 
1 4273 
1 4303 
1 4320 
1 4321 
1 4342 
1 4344 
1 4345 
1 4379 
1 4401 
1 4404 
1 4409 
1 4410 
1 4414 
1 4416 
1 4426 
1 4449 
1 4464 
1 4492 
1 4501 
1 4525 
1 4543 
1 4550 
1 4569 
1 4572 
1 4601 
1 4604 
1 4608 
1 4613 
1 4616 
1 4617 
1 4619 
1 4626 
1 4630 
1 4645 
1 4652 
1 4658 
1 4665 
1 4669 
1 4681 
1 4709 
1 4724 
1 4731 
1 4738 
1 4797 
1 4801 
1 4809 
1 4827 
1 4844 
1 4858 
1 4860 
1 4869 
1 4872 
1 4875 
1 4879 
1 4887 
1 4889 
1 4892 
1 4904 
1 4925 
1 4927 
1 4932 
1 4943 
1 4946 
1 4948 
1 4952 
1 4972 
1 4978 
1 4985 
1 4995 
1 5005 
1 5010 
1 5012 
1 5026 
1 5027 
1 5029 
1 5033 
1 5034 
1 5037 
1 5040 
1 5043 
1 5046 
1 5070 
1 5081 
1 5107 
1 5119 
1 5125 
1 5128 
1 5131 
1 5163 
1 5167 
1 5168 
1 5185 
1 5190 
1 5199 
1 5207 
1 5221 
1 5229 
1 5231 
1 5239 
1 5264 
1 5291 
1 6050 
1 6077 
1 6079 
1 6085 
1 6103 
1 6115 
1 6132 
1 6164 
1 6165 
1 6176 
1 6181 
1 6237 
1 6242 
1 6245 
1 6259 
1 6262 
1 6263 
1 6280 
1 6282 
1 6286 
1 6287 
1 6292 
1 6296 
1 6301 
1 6314 
1 6316 
1 6322 
1 6327 
1 6332 
1 6338 
1 6357 
1 6359 
1 6380 
1 6389 
1 6413 
1 6416 
1 6420 
1 6421 
1 6440 
1 6449 
1 6455 
1 6464 
1 6474 
1 6497 
1 6531 
1 6542 
1 6566 
1 6573 
1 6613 
1 6630 
1 6642 
1 6647 
1 6657 
1 6667 
1 6669 
1 6685 
1 6689 
1 6696 
1 6697 
1 6700 
1 6705 
1 6710 
1 6729 
1 6732 
1 6734 
1 6741 
1 6747 
1 6766 
1 6779 
1 6780 
1 6783 
1 6812 
1 6817 
1 6822 
1 6826 
1 6845 
1 6855 
1 6857 
1 6867 
1 6875 
1 6890 
1 6933 
1 6950 
1 6952 
1 6962 
1 6974 
1 6981 
1 6990 
1 6995 
1 6998 
1 6999 
1 7000 
1 7011 
1 7014 
1 7045 
1 7071 
1 7087 
1 7088 
1 7097 
1 7101 
1 7118 
1 7125 
1 7137 
1 7138 
1 7150 
1 7151 
1 7175 
1 7200 
1 7202 
1 7212 
1 7213 
1 7217 
1 7223 
1 7274 
1 7289 
1 7295 
1 7319 
1 7329 
1 7342 
1 7374 
1 7375 
1 7381 
1 7394 
1 7395 
1 7404 
1 7408 
1 7427 
1 7433 
1 7442 
1 7450 
1 7451 
1 7458 
1 7465 
1 7480 
1 7500 
1 7520 
1 7531 
1 7535 
1 7548 
1 7549 
1 7559 
1 7563 
1 7564 
1 7592 
1 7593 
1 7598 
1 7605 
1 7636 
1 7644 
1 7645 
1 7661 
1 7669 
1 7683 
1 7716 
1 7725 
1 7760 
1 7784 
1 7787 
1 7798 
1 7799 
1 7807 
1 7840 
1 7845 
1 7859 
1 7869 
1 7887 
1 7912 
1 7917 
1 7963 
1 8042 
1 8056 
1 8065 
1 8093 
1 8096 
1 8106 
1 8143 
1 8178 
1 8182 
1 8204 
1 8214 
1 8219 
1 8220 
1 8245 
1 9084 
1 9088 
1 9167 
1 9169 
1 9197 
1 9206 
1 9221 
1 9247 
1 9251 
1 9271 
1 9279 
1 9288 
1 9302 
1 9303 
1 9317 
1 9340 
1 9343 
1 9347 
1 9355 
1 9370 
1 9392 
1 9413 
1 9416 
1 9417 
1 9427 
1 9472 
1 9507 
1 9511 
1 9512 
1 9544 
1 9548 
1 9570 
1 9573 
1 9601 
1 9602 
1 9612 
1 9620 
1 9648 
1 9653 
1 9657 
1 9660 
1 9692 
1 9699 
1 9711 
1 9713 
1 9715 
1 9727 
1 9753 
1 9764 
1 9767 
1 9769 
1 9785 
1 9800 
1 9814 
1 9817 
1 9823 
1 9831 
1 9839 
1 9857 
1 9914 
1 9932 
1 9945 
1 9957 
1 9958 
1 9962 
1 10001 
1 10013 
1 10016 
1 10024 
1 10031 
1 10057 
1 10061 
1 10063 
1 10068 
1 10080 
1 10088 
1 10106 
1 10125 
1 10158 
1 10171 
1 10173 
1 10225 
1 10232 
1 10239 
1 10245 
1 10263 
1 10311 
1 10344 
1 10347 
1 10362 
1 10370 
1 10380 
1 10381 
1 10401 
1 10419 
1 10434 
1 10438 
1 10444 
1 10455 
1 10474 
1 10510 
1 10514 
1 10531 
1 10540 
1 10570 
1 10578 
1 10609 
1 10615 
1 10627 
1 10631 
1 10641 
1 10648 
1 10666 
1 10688 
1 10707 
1 10718 
1 10765 
1 10798 
1 10814 
1 10831 
1 10834 
1 10855 
1 10866 
1 10890 
1 10905 
1 10919 
1 10956 
1 10959 
1 10975 
1 10980 
1 10985 
1 11071 
1 11086 
1 11092 
1 11096 
1 11105 
1 11121 
1 11124 
1 11125 
1 11127 
1 11142 
1 11145 
1 11147 
1 11159 
1 11188 
1 11202 
1 11218 
1 11235 
1 11241 
1 11260 
1 11320 
1 11321 
1 11350 
1 11370 
1 11437 
1 11465 
1 11477 
1 11479 
1 11542 
1 11559 
1 11564 
1 11586 
1 11589 
1 11625 
1 11650 
1 11654 
1 11670 
1 11683 
1 11695 
1 11707 
1 11742 
1 11746 
1 11747 
1 11767 
1 11771 
1 11774 
1 11800 
1 11818 
1 11825 
1 11834 
1 11839 
1 11896 
1 11913 
1 11920 
1 11929 
1 11943 
1 11948 
1 11953 
1 11969 
1 11985 
1 12010 
1 12024 
1 12029 
1 12049 
1 12064 
1 12090 
1 12110 
1 12122 
1 12127 
1 12143 
1 12144 
1 12157 
1 12189 
1 12210 
1 12261 
1 12270 
1 12297 
1 12305 
1 12313 
1 12324 
1 12332 
1 12335 
1 12341 
1 12349 
1 12360 
1 12363 
1 12364 
1 12391 
1 12406 
1 12416 
1 12431 
1 12458 
1 12479 
1 12482 
1 12489 
1 12494 
1 12498 
1 12563 
1 12586 
1 12588 
1 12592 
1 12619 
1 12632 
1 12640 
1 12641 
1 12655 
1 12667 
1 12687 
1 12694 
1 12730 
1 12735 
1 12737 
1 12747 
1 12766 
1 12785 
1 12827 
1 12835 
1 12837 
1 12841 
1 12869 
1 12878 
1 12898 
1 12908 
1 12932 
1 12941 
1 12951 
1 12954 
1 12978 
1 12991 
