
state={
	id=454
	name="STATE_454"
	impassable = yes
	
	history={
		owner = SOV
		add_core_of = SOV
		add_claim_by = W20
	}

	provinces={
		96 1659 1664 1684 1729 1744 1757 1768 1784 1812 1856 1880 3169 3415 4659 4669 4710 4715 4746 4761 4774 4817 4846 6787 7685 7689 7733 7738 7768 7781 7796 7809 7833 7837 7867 7882 7895 8461 9142 10536 10561 10564 10592 10604 10620 10659 10663 10692 12390 12517 12542 12545 12574 12602 12630 12639 12672 12700 
	}
	manpower=1509336
	buildings_max_level_factor=1.000
	state_category=wasteland

	local_supplies=10.0
}
